
Data file: /Users/turkot/DESY/Postdoc/CMS/Lumi/OrbitDrifts/Repository/OrbitDriftsCorr/Data/arcBPM/Fill6868/CMS_arc_Fill6868_pos_merged.csv

Title: arcBPM

Offsets:

  Timestamps: [1530352063, 1530356381, 1530359439, 1530360854, 1530362403, 1530364065, 1530367105, 1530368713, 1530396765, 1530400619, 1530402227, 1530403727, 1530406599, 1530409686, 1530413156, 1530416158, 1530417226, 1530418829, 1530420450, 1530422022, 1530423563, 1530427759]
                 B1_H     B1_V     B2_H     B2_V
  OffValues: [[-0.601654, -0.360455, -1.03203, 1.01426],[-0.273049, -0.418694, -0.100309, 0.0040145],[-0.0913087, -0.209715, 0.022552, -0.696251],[-0.440618, -0.202689, -0.0176511, 0.137508],[0.101355, -0.137404, 0.0181885, -0.253338],[0.019417, -0.0651834, -0.0941947, 0.219669],[-0.290457, 0.326872, 0.001561, 0.251307],[0.105116, 0.30565, -0.163422, -0.436808],[-0.262337, 1.19006, 0.336111, 0.91139],[0.123202, 0.0693716, 0.098732, 0.121341],[0.66378, 0.221712, 0.0007763, -0.072234],[-0.824063, -0.0945374, 0.230444, 0.041001],[-0.216964, -0.473421, 0.293751, 0.311465],[-0.232749, 0.945685, -0.173582, -0.418222],[-0.119973, 0.10406, -0.0277615, -0.183168],[-0.285561, 0.267547, 0.0088897, 0.448402],[-0.0299558, 0.686222, -0.219609, -0.262618],[0.316703, -0.27143, -0.500919, 0.381557],[0.604864, -0.893302, 0.299024, 0.509001],[-0.0275915, 0.370186, 0.151758, 0.908767],[-0.0899015, -0.323727, 0.122966, -0.461305],[0.363338, 0.253321, 0.23077, 0.129088]]

  
Columns:

  Timestamp: 
      column: 1
       scale: 0.016666667
  
  B1_H:
       L:    2
       R:    3
   scale:    1
   
  B1_V:
       L:    4
       R:    5
   scale:    1

  B2_H:
       L:    6
       R:    7
   scale:    1

  B2_V:
       L:    8
       R:    9
   scale:    1

