
Names: ["BIX1", "BIY1", "BIX2", "BIY2", "X1", "Y1"]

TimeWindows: [[1510430481, 1510430977, 1510431482],[1510431686, 1510432188, 1510432693],[1510433199, 1510433701, 1510434202],[1510434351, 1510434851, 1510435349],[1510435906, 1510436204, 1510436503],[1510436695, 1510436994, 1510437294]]

OrbitDrifts_X: [[-1.8341, -3.36609, -3.47605],[-2.24256, -3.28653, -4.39067],[-0.0226297, -0.224802, -3.21411],[-3.57594, -4.52188, -5.64884],[-0.320985, -1.57257, -1.00711],[-0.957209, -0.588671, -1.09641]]

OrbitDrifts_Y: [[0.476903, 0.0671987, 0.153852],[-0.0556162, 0.0604367, 0.899506],[0.0593645, -0.114298, -1.27291],[-1.57118, -1.82823, -2.76343],[0.175506, 0.258141, 0.759732],[0.686357, 0.297105, 1.38028]]
