
Names: ["BIX1", "BIY1", "BIX2", "BIY2", "X1", "Y1"]

TimeWindows: [[1510430432, 1510430974, 1510431536],[1510431628, 1510432186, 1510432751],[1510433151, 1510433701, 1510434256],[1510434303, 1510434851, 1510435408],[1510435859, 1510436204, 1510436550],[1510436653, 1510436993, 1510437344]]

OrbitDrifts_X: [[-1.63, -3.57857, -2.69063],[-1.32778, -2.84615, -4.23077],[0.105, 0.333333, -5.85],[-5.83824, -7.175, -8.20938],[0.025, -2.03333, -0.4625],[-0.707692, -0.53125, -0.946429]]

OrbitDrifts_Y: [[0.574, 0.0142857, 0.0875],[-0.258333, -0.446154, 0.796154],[-0.185, -0.523333, -2.83824],[-2.90882, -2.93125, -4.43125],[0.195, 0.15, 0.84375],[0.861538, -0.34375, 2.17143]]
