
Names: ["BIX1", "BIY1", "BIX2", "BIY2", "X1", "Y1"]

TimeWindows: [[1510430432, 1510430981, 1510431536],[1510431631, 1510432191, 1510432749],[1510433152, 1510433701, 1510434256],[1510434305, 1510434851, 1510435403],[1510435859, 1510436204, 1510436552],[1510436651, 1510436994, 1510437344]]

OrbitDrifts_X: [[-1.73257, -3.15361, -4.28579],[-2.91911, -3.7269, -4.79819],[-0.112188, -0.782938, -1.21672],[-1.13265, -1.86875, -3.34039],[-0.270292, -1.11181, -1.37537],[-1.31531, -0.646092, -1.41366]]

OrbitDrifts_Y: [[0.461541, 0.120112, 0.238679],[0.122844, 0.567027, 1.1917],[0.336918, 0.294737, 0.0448712],[-0.185601, -0.725204, -1.31115],[0.12956, 0.366282, 0.835163],[0.618385, 0.93796, 0.945979]]
