
Names: ["BIX1", "BIY1", "BIX2", "BIY2", "X1", "Y1"]

TimeWindows: [[1510430481, 1510430977, 1510431482],[1510431686, 1510432188, 1510432693],[1510433199, 1510433701, 1510434202],[1510434351, 1510434851, 1510435349],[1510435906, 1510436204, 1510436503],[1510436695, 1510436994, 1510437294]]

OrbitDrifts_X: [[-0.0547251, 0.424963, -1.40065],[-1.51262, -0.880746, -0.602877],[-0.295132, -1.11627, 4.07915],[4.7612, 5.30625, 4.90214],[-0.130335, 0.921521, -0.663068],[-0.542561, -0.114842, -0.417395]]

OrbitDrifts_Y: [[-0.0926604, 0.105826, 0.146737],[0.44464, 1.01318, 0.460687],[0.54781, 0.81807, 2.68416],[2.67925, 2.20605, 3.01814],[-0.0267085, 0.216282, 0.0201674],[-0.0530228, 1.28171, -0.870866]]
