Timestamps: [1543464072, 1543466092]
OffValues: [[-0.0520093, 0.173455, -0.0158816, 0.0777056],[-1.34772, 0.132119, -0.814193, 0.762369]]
