Timestamps: [1530351900, 1530356377, 1530359437, 1530360854, 1530362401, 1530364061, 1530367102, 1530368711, 1530396762, 1530400617, 1530402225, 1530403725, 1530406599, 1530409686, 1530413153, 1530416157, 1530417223, 1530418826, 1530420450, 1530422021, 1530423560, 1530427758]
OffValues: [[351.8, -1598.3, 157.4, -1655.05],[336, -1603.2, 158.45, -1647.2],[2.17171e-314, 1.39612e-309, 0, 7.90505e-322],[1.39612e-309, 2.2727e-322, 0, 6.95333e-310],[4.29837e-322, 2.37152e-322, 0, 4.94066e-324],[4.34778e-322, 6.95333e-310, 0, 0],[6.95333e-310, 4.94066e-324, 0, 6.95334e-310],[4.94066e-324, 0, 2.15664e-314, 2.17178e-314],[0, 1.7017e+208, 2.17177e-314, 2.17171e-314],[-3.09366e+237, 2.17176e-314, 2.17171e-314, 1.39612e-309],[2.17176e-314, 2.17171e-314, 1.39612e-309, 2.2727e-322],[2.17171e-314, 1.39612e-309, 8.79437e-322, 2.37152e-322],[1.39612e-309, 4.29837e-322, 9.09081e-322, 6.95333e-310],[5.97819e-322, 4.34778e-322, 6.95333e-310, 4.94066e-324],[6.32404e-322, 6.95333e-310, 4.94066e-324, 0],[6.95333e-310, 4.94066e-324, 0, 9.75014e+199],[4.94066e-324, 0, 6.26867e-310, 2.17178e-314],[0, 2.17163e-314, 2.17177e-314, 2.17171e-314],[2.13847e-314, 2.17177e-314, 2.17171e-314, 1.39612e-309],[2.17176e-314, 2.17171e-314, 1.39612e-309, 5.2371e-322],[2.17171e-314, 1.39612e-309, 1.28457e-322, 5.53354e-322],[1.39612e-309, 2.2233e-322, 1.58101e-322, 6.95333e-310]]
