Timestamps: [1510480800, 1510483319]
OffValues: [[0.00808735, -0.0542129, 0.099581, -0.199134],[-0.2902, -0.102097, -2.0303, 0.407308]]
