Timestamps: [1543463700, 1543466092]
OffValues: [[0.0257093, -0.0330421, 0.0131595, -0.0249084],[-1.34772, 0.132119, -0.814193, 0.762369]]
