
Names: ["L1X", "L1Y"]

TimeWindows: [[1510482155, 1510483119, 1510483088],[1510483423, 1510484382, 1510484352]]

OrbitDrifts_X: [[1.43706, 1.09522, nan],[0.080514, -1.49956, -1.91333]]

OrbitDrifts_Y: [[-1.41975, -2.16664, nan],[-0.564056, -1.64684, -1.6331]]
