
Names: ["L1X", "L1Y"]

TimeWindows: [[1510482124, 1510483119, 1510483119],[1510483391, 1510484383, 1510484387]]

OrbitDrifts_X: [[0.223333, 0.876316, 0.876316],[0.15, 1.55833, 1.55833]]

OrbitDrifts_Y: [[0.95, 1.09737, 1.09737],[0.520833, 1.86042, 1.85417]]
