
Names: ["L1X", "L1Y"]

TimeWindows: [[1510482125, 1510483119, 1510483122],[1510483389, 1510484382, 1510484385]]

OrbitDrifts_X: [[1.67154, 1.97153, 2.00234],[0.283691, 0.0587756, 0.0932563]]

OrbitDrifts_Y: [[-0.446043, -1.06927, -1.08539],[-0.00753774, 0.213582, 0.208965]]
