
Names: ["L1X", "L1Y"]

TimeWindows: [[1510482155, 1510483119, 1510483088],[1510483423, 1510484382, 1510484352]]

OrbitDrifts_X: [[0.962208, 1.42392, nan],[0.235733, 0.808554, 0.60167]]

OrbitDrifts_Y: [[0.244717, 0.0140485, nan],[0.282061, 1.037, 1.08553]]
