Timestamps: [1464336119, 1464348464, 1464350758]
OffValues: [[-0.393236, 1.15603, -0.895218, -0.0392095],[1.13847, -0.823254, -1.48213, -1.72801],[-2.94786, 1.32372, 2.96862, -2.9354]]
