
Names: ["X1", "Y1", "Y2", "X2", "I1X", "I1Y", "I2X", "I2Y", "L1X", "L1Y", "X3", "Y3"]

TimeWindows: [[1464336285, 1464336778, 1464337268],[1464337522, 1464338015, 1464338508],[1464338769, 1464339262, 1464339757],[1464339948, 1464340440, 1464340930],[1464341247, 1464341738, 1464342231],[1464342677, 1464343168, 1464343658],[1464344429, 1464344920, 1464345408],[1464345652, 1464346148, 1464346642],[1464347152, 1464348255, 1464348181],[1464348634, 1464349757, 1464349677],[1464350869, 1464351359, 1464351851],[1464352142, 1464352638, 1464353130]]

OrbitDrifts_X: [[-0.712634, -1.57681, 0.0416309],[1.13792, -0.487855, 0.669484],[1.36136, 1.52999, 2.48498],[4.12202, 0.25119, 2.21369],[2.43258, -0.0886765, -3.61347],[0.771008, -0.268463, -1.17422],[-1.80762, -3.77142, -3.11044],[-3.70915, -7.17994, -6.80581],[0.433161, 0.834581, 0.834581],[-1.64455, -6.02245, -6.02245],[0.730915, -4.38451, -3.83415],[-1.71195, -0.67521, -0.494158]]

OrbitDrifts_Y: [[0.15448, 1.19251, 1.36046],[1.16434, 0.474223, 2.3582],[2.16992, 0.597691, 2.82508],[3.36936, 2.42868, 3.06914],[2.69664, 1.43688, 1.83937],[3.28251, 2.22625, 2.16374],[1.28852, 1.09463, 1.92794],[2.37314, 2.38607, 4.0984],[2.37107, 2.51633, 2.51633],[0.855348, 2.76552, 2.76552],[0.0755129, 0.985635, 1.56794],[1.7197, 1.36622, 3.66003]]
