Timestamps: [1542135000, 1542139644, 1542141318, 1542145836, 1542148211]
OffValues: [[1.49775, -2.32646, -1.12546, -1.00107],[-3.6725, -0.861591, 0.768867, -0.114422],[-3.9657, -0.732589, 1.30359, 0.021505],[-5.33691, 0.910757, 1.11751, 1.8241],[-7.0685, 0.110472, 0.856009, 2.08142]]
