Timestamps: [1510429320, 1510433057, 1510435767]
OffValues: [[-0.518948, 0.256211, -0.291753, -0.144484],[-2.13048, 0.94033, 2.3205, 0.117576],[-2.07025, 0.724818, 2.2617, 0.919952]]
