Timestamps: [1530352202, 1530356377]
OffValues: [[0.0999346, 0.791327, -0.160742, -0.0679395],[-8.4026, -1.74887, -1.4419, 2.25172]]
