Timestamps: [1463608021]
OffValues: [[-0.596555, -0.303211, 0.108505, 0.582112]]
