Timestamps: [1463604421]
OffValues: [[-0.416558, -0.014906, 0.412177, 0.462548]]
